0
6
7
9
10
11
14
20
28
29
31
37
39
43
44
47
49
59
68
70
74
92
93
94
98
103
107
112
115
121
124
125
129
131
132
134
148
151
153
156
157
158
160
163
174
175
181
182
183
186
197
199
200
201
202
213
224
225
227
228
231
232
234
235
238
240
241
254
255
257
258
263
270
272
275
276
286
287
290
298
299
300
310
314
317
322
329
331
340
345
350
351
355
356
361
365
367
371
374
388
400
403
409
410
413
422
428
430
448
461
467
471
474
485
492
494
495
500
512
514
515
518
519
520
523
528
534
537
538
543
545
547
548
552
557
571
581
589
591
599
600
620
627
634
637
642
643
650
653
654
657
658
662
664
673
674
675
678
682
684
694
699
704
705
710
717
722
723
727
735
741
748
750
754
756
764
765
767
771
772
776
778
780
782
795
796
797
801
805
818
825
828
830
832
836
841
846
851
854
858
859
861
867
872
876
882
886
897
903
906
907
916
917
920
923
932
937
939
944
946
954
957
960
966
970
971
980
984
991
994
998
