8
16
22
30
36
38
50
52
56
63
64
72
78
79
80
86
87
91
97
99
100
101
109
123
133
137
140
144
146
147
166
169
171
172
176
178
179
180
184
190
192
195
198
205
206
207
209
212
216
218
219
229
237
239
252
256
268
284
285
288
296
297
305
316
325
330
332
342
348
357
362
370
377
379
381
383
384
392
395
396
398
411
412
414
415
417
418
419
424
427
431
433
434
435
436
437
439
440
444
447
458
463
465
469
470
472
473
477
478
480
483
486
490
493
496
498
502
505
508
510
511
513
527
540
541
555
556
558
560
562
565
566
567
576
579
582
593
594
596
597
598
603
607
609
612
614
619
641
645
646
647
652
655
656
665
667
668
669
671
685
687
693
698
709
711
713
715
716
719
726
729
730
733
734
736
738
744
745
747
749
755
757
758
762
763
770
777
784
787
788
789
791
793
798
803
804
806
807
811
815
817
820
821
822
824
829
834
837
840
843
845
852
855
864
865
868
873
878
880
883
887
890
895
896
899
904
919
925
926
934
938
942
945
949
952
956
961
969
974
975
977
979
981
982
987
988
995
999
