1
3
4
5
12
13
15
17
21
25
26
35
42
45
48
54
57
60
61
62
66
69
75
77
81
83
84
89
90
95
96
104
114
117
118
120
128
130
135
136
138
141
149
150
154
155
159
161
164
167
168
170
173
187
188
189
191
193
196
203
204
208
210
211
220
221
223
230
233
236
245
247
250
259
261
264
267
273
277
280
282
291
293
295
301
302
304
306
312
313
318
319
320
323
326
328
333
334
338
339
341
353
354
363
368
382
385
391
397
399
404
406
407
408
416
420
421
423
425
426
429
432
438
442
445
450
454
455
456
457
459
460
468
479
481
489
491
497
499
504
517
521
522
524
525
526
529
533
535
542
544
554
561
563
570
574
578
580
583
590
592
595
602
604
616
617
618
621
622
623
628
630
632
635
640
649
659
660
663
666
676
679
680
681
683
689
690
695
697
700
701
703
706
718
724
725
728
732
742
759
760
773
774
779
781
783
790
792
794
813
814
816
823
826
831
833
835
847
848
850
853
856
866
869
870
871
874
875
877
885
894
898
908
910
912
913
915
922
927
928
929
940
941
948
955
959
963
964
965
972
973
978
986
989
997
