2
18
19
23
24
27
32
33
34
40
41
46
51
53
55
58
65
67
71
73
76
82
85
88
102
105
106
108
110
111
113
116
119
122
126
127
139
142
143
145
152
162
165
177
185
194
214
215
217
222
226
242
243
244
246
248
249
251
253
260
262
265
266
269
271
274
278
279
281
283
289
292
294
303
307
308
309
311
315
321
324
327
335
336
337
343
344
346
347
349
352
358
359
360
364
366
369
372
373
375
376
378
380
386
387
389
390
393
394
401
402
405
441
443
446
449
451
452
453
462
464
466
475
476
482
484
487
488
501
503
506
507
509
516
530
531
532
536
539
546
549
550
551
553
559
564
568
569
572
573
575
577
584
585
586
587
588
601
605
606
608
610
611
613
615
624
625
626
629
631
633
636
638
639
644
648
651
661
670
672
677
686
688
691
692
696
702
707
708
712
714
720
721
731
737
739
740
743
746
751
752
753
761
766
768
769
775
785
786
799
800
802
808
809
810
812
819
827
838
839
842
844
849
857
860
862
863
879
881
884
888
889
891
892
893
900
901
902
905
909
911
914
918
921
924
930
931
933
935
936
943
947
950
951
953
958
962
967
968
976
983
985
990
992
993
996
